0
2
3
4
7
13
0
1
3
4
7
13
0
2
3
4
7
13
0
2
3
5
9
15
0
2
3
5
8
14
0
1
3
4
8
14
0
1
3
4
8
0
2
3
4
8
0
1
3
5
9
11
0
3
5
9
11
15
0
2
3
5
11
15
0
1
3
6
10
12
16
0
2
3
6
10
12
16
0
1
3
6
10
12
16
0
2
3
4
8
14
0
1
3
4
7
13
0
2
3
5
8
14
0
2
3
5
8
0
2
3
5
8
14
0
2
3
6
10
12
16
0
1
3
6
10
12
16
0
2
3
6
10
12
16
0
1
3
6
10
12
0
1
6
10
12
16
0
2
3
6
10
12
0
1
3
6
10
11
0
1
3
6
10
11
15
0
3
6
10
11
15
0
3
4
7
13
0
2
3
4
7
0
3
6
10
12
0
2
3
6
10
12
16
0
1
3
6
10
12
16
0
1
3
5
9
15
0
2
3
5
9
11
15
0
2
5
9
15
0
2
3
4
8
14
0
1
3
4
8
14
0
1
3
6
10
11
15
0
1
3
4
13
0
2
3
7
0
2
3
4
7
13
0
1
3
5
8
14
0
3
6
10
11
15
0
3
4
8
14
